#                Table 6.13.2
#
#  Spectral Absorption Coefficients of Water Vapour
#
# Note values 0 at 0.40, 0.50 & 0.68
#
#  lambda (microns)  k sub(w.a.lambda) (cm^-1)
#
400 0.0
500 0.0
680 0.0
690 0.160E-01
700 0.240E-01
710 0.125E-01
720 0.100E+01
730 0.870E+00
740 0.610E-01
750 0.100E-02
760 0.100E-04
770 0.100E-04
780 0.600E-03
790 0.175E-01
800 0.360E-01
810 0.330E+00
820 0.153E+01
830 0.660E+00
840 0.155E+00
850 0.300E-02
860 0.100E-04
870 0.100E-04
880 0.260E-02
890 0.630E-01
900 0.210E+01
910 0.160E+01
920 0.125E+01
930 0.270E+02
940 0.380E+02
950 0.410E+02
960 0.260E+02
970 0.310E+01
980 0.148E+01
990 0.125E+00
1000 0.250E-02
1050 0.100E-04
1100 0.320E+01
1150 0.230E+02
1200 0.160E-01
1250 0.180E-03
1300 0.290E+01
1350 0.200E+03
1400 0.110E+04
1450 0.150E+03
1500 0.150E+02
1550 0.170E-02
1600 0.100E-04
1650 0.100E-01
1700 0.510E+00
1750 0.400E+01
1800 0.130E+03
1850 0.220E+04
1900 0.140E+04
1950 0.160E+03
2000 0.290E+01
2100 0.220E+00
2200 0.330E+00
2300 0.590E+00
2400 0.203E+02
2500 0.310E+03
2600 0.150E+05
2700 0.220E+05
2800 0.800E+04
2900 0.650E+03
3000 0.240E+03
3100 0.230E+03
3200 0.100E+03
3300 0.120E+03
3400 0.195E+02
3500 0.360E+01
3600 0.310E+01
3700 0.250E+01
3800 0.140E+01
3900 0.170E+00
4000 0.450E-02
