# LambdaSList: Tabulation of atmosphere parameter only dependent components of Z & V sky model.
#
#TTHG coefficients : a = 0.962, g1 = 0.713, g2 = 0.759
#Ozone concentration coefficient : C_O3 = 0.3
#Precipital Water vapour concentration coefficient : C_W = 1.4
#Angstrom formula Total Aerosol optical thickness coefficients : alpha = 1.3, beta = 0.1
#
#Lambda(nm)	Lambda(um)	tau_R	tau_A	K_O3	tau_O3	K_W	tau_W	K_G	tau_G	E
#
430	0.43	.271686		.299565		0.0025	0.00075		0	0		0	0		1492.5
440	0.44	.247046		.290745		.002833	0.00085		0	0		0	0		1755.02
450	0.45	.225133		.282373		0.003	0.0009		0	0		0	0		2099.99
460	0.46	.205594		.274419		0.006	0.0018		0	0		0	0		2032.49
470	0.47	.188128		.266853		0.009	0.0027		0	0		0	0		1979.99
480	0.48	.172477		.259649		0.014	0.0042		0	0		0	0		2055
490	0.49	.158419		.252781		0.021	0.0063		0	0		0	0		1920
500	0.5	.145765		.246229		0.03	0.009		0	0		0	0		1862.52
510	0.51	0.13435		.239971		0.04	0.012		0	0		0	0		1952.5
520	0.52	.124032		.233989		0.048	0.0144		0	0		0	0		1802.49
530	0.53	.114686		.228266		0.063	0.0189		0	0		0	0		1947.49
540	0.54	.106206		.222786		0.075	0.0225		0	0		0	0		1857.5
550	0.55	.098496		.217535		0.085	0.0255		0	0		0	0		1902.5
560	0.56	.091474		.212498		0.103	0.0309		0	0		0	0		1840.02
570	0.57	.085069		.207665		0.12	0.036		0	0		0	0		1817.5
580	0.58	.079216		.203022		0.12	0.036		0	0		0	0		1840
590	0.59	0.07386		0.19856		0.115	0.0345		0	0		0	0		1742.49
600	0.6	0.06895		.194269		0.125	0.0375		0	0		0	0		1720
610	0.61	.064443		.190139		0.12	0.036		0	0		0	0		1715
620	0.62	0.0603		.186162		0.105	0.0315		0	0		0	0		1715
630	0.63	.056485		0.18233		0.09	0.027		0	0		0	0		1637.5
640	0.64	0.05297		.178635		0.079	0.0237		0	0		0	0		1622.5
650	0.65	.049725		0.17507		0.067	0.0201		0	0		0	0		1597.5
660	0.66	.046726		0.17163		0.057	0.0171		0	0		0	0		1555
670	0.67	.043951		.168307		0.048	0.0144		0	0		0	0		1505
680	0.68	0.04138		.165097		0.036	0.0108		0	0		0	0		1472.5
690	0.69	.038996		.161993		0.028	0.0084		0.016	0.00452		0	0		1415.02
700	0.7	.036782		.158991		0.023	0.0069		0.024	.006355		0	0		1427.5
710	0.71	.034725		.156086		0.018	0.0054		0.0125	.003645		0	0		1402.5
720	0.72	0.03281		.153274		0.014	0.0042		1	.073262		0	0		1355
730	0.73	.031027		0.15055		0.011	0.0033		0.87	.067704		0	0		1355
740	0.74	.029364		0.14791		0.01	0.003		0.061	.012996		0	0		1300
750	0.75	.027812		.145352		0.009	0.0027		0.001	0.00033		0	0		1272.52
760	0.76	.026363		0.14287		0.007	0.0021		1e-05	3.33858e-06		3	0.30006		1222.5
770	0.77	.025007		.140463		0.004	0.0012		1e-05	3.33858e-06		0.21	.068373		1187.5
780	0.78	.023739		.138127		0	0		0.0006	.000199		0	0		1195
790	0.79	0.02255		.135858		0	0		0.0175	.004881		0	0		1142.5
800	0.8	.021436		.133654		0	0		0.036	.008777		0	0		1144.7
810	0.81	.020391		.131513		0	0		0.33	.038626		0	0		1113
820	0.82	0.01941		.129432		0	0		1.53	.093068		0	0		1070
830	0.83	.018487		.127409		0	0		0.66	.057836		0	0		1041
840	0.84	0.01762		0.12544		0	0		0.155	.024322		0	0		1019.99
850	0.85	.016803		.123525		0	0		0.003	.000966		0	0		994
860	0.86	.016034		.121661		0	0		1e-05	3.33858e-06		0	0		1002
870	0.87	.015309		.119846		0	0		1e-05	3.33858e-06		0	0		972
880	0.88	.014625		.118079		0	0		0.0026	.000841		0	0		966
890	0.89	0.01398		.116357		0	0		0.063	.013299		0	0		945
900	0.9	0.01337		.114679		0	0		2.1	.111083		0	0		913
910	0.91	.012794		.113044		0	0		1.6	.095429		0	0		876
920	0.92	.012249		.111449		0	0		1.25	.083086		0	0		841
930	0.93	.011733		.109894		0	0		27	.455727		0	0		830
940	0.94	.011245		.108376		0	0		38	.550061		0	0		801
950	0.95	.010782		.106895		0	0		41	.573554		0	0		778
960	0.96	.010343		0.10545		0	0		26	.446355		0	0		771
970	0.97	.009927		.104039		0	0		3.1	.137953		0	0		764
980	0.98	.009532		.102661		0	0		1.48	.091351		0	0		769
990	0.99	.009157		.101315		0	0		0.125	.021186		0	0		762
1000	1	0.0088		0.1		0	0		0.0025	0.00081		0	0		743.99
1010	1.01	.008461		.098715		0	0		.002002	.000652		0	0		728.388
1020	1.02	.008139		.097459		0	0		.001504	.000493		0	0		712.786
1030	1.03	.007832		0.09623		0	0		.001006	.000332		0	0		697.184
1040	1.04	.007539		.095029		0	0		.000508	.000169		0	0		681.582
1050	1.05	.007261		.093854		0	0		1e-05	3.33858e-06		0	0		665.98
1060	1.06	.006996		.092705		0	0		.640008	.056825		0	0		653.992
1070	1.07	.006743		0.09158		0	0		1.28001	.084201		0	0		642.004
1080	1.08	.006501		.090479		0	0		1.92000	.105667		0	0		630.016
1090	1.09	.006271		.089402		0	0		2.56000	.124036		0	0		618.028
1100	1.1	.006051		.088347		0	0		3.2	.140405		0	0		606.04
1110	1.11	.005841		.087313		0	0		7.16	.219253		0	0		595.04
1120	1.12	0.00564		.086301		0	0		11.12	.279541		0	0		584.04
1130	1.13	.005448		0.08531		0	0		15.08	.330653		0	0		573.04
1140	1.14	.005264		.084338		0	0		19.04	0.37598		0	0		562.04
1150	1.15	.005088		.083386		0	0		23	.417216		0	0		551.04
1160	1.16	0.00492		.082453		0	0		18.4032	0.369		0	0		540.43
1170	1.17	.004758		.081538		0	0		13.8064	.314959		0	0		529.82
1180	1.18	.004604		.080641		0	0		9.2096	.251937		0	0		519.21
1190	1.19	.004456		.079761		0	0		4.6128	.171946		0	0		508.6
1200	1.2	.004314		.078898		0	0		0.016	0.00452		0	0		497.99
1210	1.21	.004178		.078051		0	0		.012836	.003731		0	0		492.39
1220	1.22	.004047		0.07722		0	0		.009672	.002898		0	0		486.79
1230	1.23	.003922		.076405		0	0		.006508	.002015		0	0		481.19
1240	1.24	.003801		.075605		0	0		.003344	.001072		0	0		475.59
1250	1.25	.003686		0.07482		0	0		0.00018	5.99657e-05		0.0073	0.00777		469.99
1260	1.26	.003575		.074049		0	0		.580144	.053706		0.00592	.006567		463.39
1270	1.27	.003468		.073292		0	0		1.16011	.079668		0.00454	.005271		456.79
1280	1.28	.003365		.072548		0	0		1.74007	.100016		0.00316	0.00386		450.19
1290	1.29	.003266		.071818		0	0		2.32004	.117425		0.00178	.002302		443.59
1300	1.3	.003171		.071101		0	0		2.9	.132938		0.0004	.000552		436.99
1310	1.31	0.00308		.070396		0	0		42.32	.583644		.000342	.000474		427.398
1320	1.32	.002992		.069703		0	0		81.74	.838429		.000284	.000394		417.806
1330	1.33	.002907		.069023		0	0		121.16	1.04112		.000226	.000315		408.214
1340	1.34	.002825		.068354		0	0		160.58	1.21562		.000168	.000235		398.622
1350	1.35	.002747		.067696		0	0		200	1.37165		0.00011	.000154		389.03
1360	1.36	.002671		0.06705		0	0		380	1.95243		9e-05	.000126		382.03
1370	1.37	.002597		.066415		0	0		560	2.41659		7e-05	9.83325e-05		375.03
1380	1.38	.002527		0.06579		0	0		740	2.81696		5e-05	7.03122e-05		368.03
1390	1.39	.002459		.065175		0	0		920	3.17532		3e-05	4.22323e-05		361.03
1400	1.4	.002393		0.06457		0	0		1100	3.50326		1e-05	1.40925e-05		354.03
1410	1.41	0.00233		.063976		0	0		910	3.15629		.012808	.011907		347.022
1420	1.42	.002268		.063391		0	0		720	2.77483		.025606	0.01925		340.014
1430	1.43	.002209		.062815		0	0		530	2.34450		.038404	.025006		333.006
1440	1.44	.002152		.062248		0	0		340	1.83656		.051202	.029904		325.998
1450	1.45	.002097		.061691		0	0		150	1.17089		0.064	.034246		318.99
1460	1.46	.002044		.061142		0	0		123	1.04979		.051326	.029948		314.59
1470	1.47	.001992		.060602		0	0		96	.915987		.038652	.025108		310.19
1480	1.48	.001942		0.06007		0	0		69	.763798		.025978	.019434		305.79
1490	1.49	.001894		.059547		0	0		42	.581211		.013304	.012241		301.39
1500	1.5	.001847		.059031		0	0		15	.329685		0.00063	0.00086		296.99
1510	1.51	.001802		.058523		0	0		12.0003	.291535		.002504	0.00314		292.39
1520	1.52	.001758		.058023		0	0		9.00068	.248767		.004378	.005112		287.79
1530	1.53	.001716		.057531		0	0		6.00102	.198875		.006252	.006864		283.19
1540	1.54	.001675		.057046		0	0		3.00136	.135498		.008126	.008452		278.59
1550	1.55	.001635		.056568		0	0		0.0017	.000556		0.01	0.00991		273.99
1560	1.56	.001597		.056097		0	0		.001362	.000447		0.0208	.016746		268.596
1570	1.57	0.00156		.055633		0	0		.001024	.000338		0.0316	.022083		263.202
1580	1.58	.001523		.055175		0	0		.000686	.000227		0.0424	.026609		257.808
1590	1.59	.001488		.054725		0	0		.000348	.000116		0.0532	.030613		252.414
1600	1.6	.001454		.054281		0	0		1e-05	3.33858e-06		0.064	.034246		247.02
1610	1.61	.001422		.053843		0	0		.002008	.000654		0.05149	.030007		244.42
1620	1.62	0.00139		.053411		0	0		.004006	.001275		0.03898	.025242		241.82
1630	1.63	.001359		.052985		0	0		.006004	.001869		0.02647	.019676		239.22
1640	1.64	.001328		.052566		0	0		.008002	.002439		0.01396	.012673		236.62
1650	1.65	.001299		.052152		0	0		0.01	.002987		0.00145	.001903		234.02
1660	1.66	.001271		.051744		0	0		0.11	.019485		.001162	.001546		230.216
1670	1.67	.001243		.051342		0	0		0.21	.029399		.000874	.001179		226.412
1680	1.68	.001217		.050945		0	0		0.31	.037215		.000586	.000802		222.608
1690	1.69	.001191		.050553		0	0		0.41	.043901		.000298	.000414		218.804
1700	1.7	.001165		.050167		0	0		0.51	.049853		1e-05	1.40925e-05		215
1710	1.71	.001141		.049786		0	0		1.208	.081503		1e-05	1.40925e-05		209.4
1720	1.72	.001117		0.04941		0	0		1.906	.105236		1e-05	1.40925e-05		203.8
1730	1.73	.001094		.049039		0	0		2.604	.125217		1e-05	1.40925e-05		198.2
1740	1.74	.001071		.048673		0	0		3.302	.142871		1e-05	1.40925e-05		192.6
1750	1.75	.001049		.048312		0	0		4	.158896		1e-05	1.40925e-05		187
1760	1.76	.001028		.047955		0	0		29.2	.475812		1e-05	1.40925e-05		183.6
1770	1.77	.001007		.047603		0	0		54.4	.670138		1e-05	1.40925e-05		180.2
1780	1.78	.000987		.047256		0	0		79.6	0.82628		1e-05	1.40925e-05		176.8
1790	1.79	.000968		.046913		0	0		104.8	.961269		1e-05	1.40925e-05		173.4
1800	1.8	.000948		.046574		0	0		130	1.08225		1e-05	1.40925e-05		170
1810	1.81	0.00093		0.04624		0	0		544	2.37837		3.7e-05	5.2067e-05		165.802
1820	1.82	.000912		0.04591		0	0		958	3.24680		6.4e-05	8.99326e-05		161.604
1830	1.83	.000894		.045584		0	0		1372	3.95596		9.1e-05	.000128		157.406
1840	1.84	.000877		.045262		0	0		1786	4.57344		.000118	.000165		153.208
1850	1.85	0.00086		.044945		0	0		2200	5.12911		.000145	.000203		149.01
1860	1.86	.000844		.044631		0	0		2040	4.92046		.001536	.002008		146.41
1870	1.87	.000828		.044321		0	0		1880	4.70431		.002927	.003608		143.81
1880	1.88	.000812		.044014		0	0		1720	4.47970		.004318	.005052		141.21
1890	1.89	.000797		.043712		0	0		1560	4.24548		.005709	.006375		138.61
1900	1.9	.000783		.043413		0	0		1400	4.00016		0.0071	.007601		136.01
1910	1.91	.000768		.043118		0	0		1152	3.59340		0.40568	.099044		134.008
1920	1.92	.000754		.042826		0	0		904	3.14483		0.80426	.144968		132.006
1930	1.93	.000741		.042538		0	0		656	2.63632		1.20284	.181172		130.004
1940	1.94	.000727		.042253		0	0		408	2.03029		1.60142	.212223		128.002
1950	1.95	.000714		.041972		0	0		160	1.21321		2	0.23993		126
1960	1.96	.000702		.041693		0	0		128.58	1.07573		2.2	.252886		124.5
1970	1.97	.000689		.041418		0	0		97.16	0.92206		2.4	0.26532		123
1980	1.98	.000677		.041147		0	0		65.74	.743726		2.6	.277295		121.5
1990	1.99	.000666		.040878		0	0		34.32	.520069		2.8	.288861		120
2000	2	.000654		.040613		0	0		2.9	.132938		3	0.30006		118.5
2010	2.01	.000643		0.04035		0	0		2.632	.125964		2.724	.284511		115.95
2020	2.02	.000632		.040091		0	0		2.364	.118658		2.448	.268234		113.4
2030	2.03	.000621		.039834		0	0		2.096	.110965		2.172	.251105		110.85
2040	2.04	.000611		0.03958		0	0		1.828	.102809		1.896	.232962		108.3
2050	2.05	.000601		0.03933		0	0		1.56	.094085		1.62	.213579		105.75
2060	2.06	.000591		.039082		0	0		1.292	.084644		1.344	.192637		103.2
2070	2.07	.000581		.038836		0	0		1.024	.074251		1.068	.169637		100.65
2080	2.08	.000571		.038594		0	0		0.756	.062504		0.792	.143738		98.1
2090	2.09	.000562		.038354		0	0		0.488	.048594		0.516	.113276		95.55
2100	2.1	.000553		.038117		0	0		0.22	.030251		0.24	.073744		93
2110	2.11	.000544		.037882		0	0		0.231	.031167		.216038	.069481		91.175
2120	2.12	.000535		0.03765		0	0		0.242	.032062		.192076	.064994		89.35
2130	2.13	.000527		0.03742		0	0		0.253	.032939		.168114	0.06024		87.525
2140	2.14	.000518		.037193		0	0		0.264	.033797		.144152	.055158		85.7
2150	2.15	0.00051		.036968		0	0		0.275	.034639		0.12019	.049665		83.875
2160	2.16	.000502		.036746		0	0		0.286	.035464		.096228	0.04363		82.05
2170	2.17	.000495		.036526		0	0		0.297	.036275		.072266	.036833		80.225
2180	2.18	.000487		.036308		0	0		0.308	.037072		.048304	.028851		78.4
2190	2.19	.000479		.036093		0	0		0.319	.037855		.024342	.018614		76.575
2200	2.2	.000472		0.03588		0	0		0.33	.038626		0.00038	.000525		74.75
2210	2.21	.000465		.035669		0	0		0.356	.040401		.000452	.000622		73.6
2220	2.22	.000458		0.03546		0	0		0.382	.042115		.000524	.000719		72.45
2230	2.23	.000451		.035254		0	0		0.408	.043775		.000596	.000815		71.3
2240	2.24	.000444		.035049		0	0		0.434	.045387		.000668	0.00091		70.15
2250	2.25	.000438		.034847		0	0		0.46	.046953		0.00074	.001005		69
2260	2.26	.000432		.034646		0	0		0.486	.048479		.000812	.001098		67.85
2270	2.27	.000425		.034448		0	0		0.512	.049966		.000884	.001192		66.7
2280	2.28	.000419		.034252		0	0		0.538	.051419		.000956	.001284		65.55
2290	2.29	.000413		.034058		0	0		0.564	.052839		.001028	.001376		64.4
2300	2.3	.000407		.033865		0	0		0.59	.054229		0.0011	.001468		63.25
2310	2.31	.000401		.033675		0	0		2.561	.124063		.001007	.001349		62.575
2320	2.32	.000396		.033486		0	0		4.532	.170272		.000914	0.00123		61.9
2330	2.33	0.00039		.033299		0	0		6.503	.207902		.000821	0.00111		61.225
2340	2.34	.000385		.033115		0	0		8.474	.240626		.000728	.000989		60.55
2350	2.35	.000379		.032932		0	0		10.445	.270052		.000635	.000866		59.875
2360	2.36	.000374		0.03275		0	0		12.416	.297059		.000542	.000743		59.2
2370	2.37	.000369		.032571		0	0		14.387	.322191		.000449	.000618		58.525
2380	2.38	.000364		.032393		0	0		16.358	.345811		.000356	.000493		57.85
2390	2.39	.000359		.032217		0	0		18.329	0.36818		.000263	.000366		57.175
2400	2.4	.000354		.032042		0	0		20.3	.389487		0.00017	.000238		56.5
2410	2.41	.000349		0.03187		0	0		49.27	.634588		.000167	.000233		55.675
