#
#	McClatchey MID-latitude SUMMER atmosphere
#
#	1:	altitude (km)
#	2:	normalised atmospheric density
#	3:	normalised water vapour density
#	4:	normalised ozone density
#	5:	(n0/n)^2 (atmosphere)
#	6:	(n0/n)^2 (water vapour)
#	7:	(n0/n)^2 (ozone)
#
0 0.115032 0.469561 0.00863428 1 1 1
1 0.10384 0.311922 0.00863428 1.00006 1.0002 1
2 0.0939475 0.197886 0.00863428 1.00011 1.00034 1
3 0.0849591 0.110682 0.00892209 1.00015 1.00045 0.99998
4 0.0767985 0.0637261 0.0092099 1.00019 1.00051 0.999961
5 0.0692715 0.0335401 0.00949771 1.00023 1.00054 0.999941
6 0.0622937 0.0204594 0.00992942 1.00027 1.00056 0.999912
7 0.0557732 0.0124098 0.0107928 1.0003 1.00057 0.999853
8 0.050078 0.00704341 0.0113685 1.00033 1.00058 0.999814
9 0.0446977 0.00402481 0.0123758 1.00036 1.00058 0.999746
10 0.0399203 0.00214656 0.0129514 1.00038 1.00058 0.999707
11 0.0354264 0.000737881 0.0158295 1.00041 1.00059 0.999512
12 0.0314303 0.00020124 0.0172686 1.00043 1.00059 0.999414
13 0.0276666 6.03721e-05 0.0215857 1.00045 1.00059 0.999121
14 0.0236479 3.35401e-05 0.0259028 1.00047 1.00059 0.998828
15 0.020093 2.54904e-05 0.0273419 1.00048 1.00059 0.99873
16 0.0171564 2.14656e-05 0.03022 1.0005 1.00059 0.998535
17 0.0146834 1.87824e-05 0.0345371 1.00051 1.00059 0.998242
18 0.0125504 1.677e-05 0.0402933 1.00052 1.00059 0.997851
19 0.0106925 1.64346e-05 0.0460495 1.00053 1.00059 0.997461
20 0.00911205 1.5093e-05 0.0489276 1.00054 1.00059 0.997265
21 0.00777467 1.71054e-05 0.0518057 1.00055 1.00059 0.99707
22 0.00663154 1.71054e-05 0.0518057 1.00055 1.00059 0.99707
23 0.00565445 1.81116e-05 0.0489276 1.00056 1.00059 0.997265
24 0.00482066 2.0124e-05 0.0460495 1.00056 1.00059 0.997461
25 0.00412845 2.24718e-05 0.0431714 1.00056 1.00059 0.997656
30 0.00188328 1.20744e-05 0.0287809 1.00058 1.00059 0.998633
35 0.000888459 3.68941e-06 0.0132392 1.00058 1.00059 0.999687
40 0.000430904 1.44222e-06 0.00590009 1.00058 1.00059 1.00019
45 0.000217623 6.37261e-07 0.00187076 1.00058 1.00059 1.00046
50 0.000115034 4.36021e-08 0.00061879 1.00059 1.00059 1.00054
70 1.02759e-05 4.69561e-09 1.23758e-05 1.00059 1.00059 1.00059
100 4.76933e-08 3.35401e-11 6.1879e-09 1.00059 1.00059 1.00059
99999 0 0 0 1.00059 1.00059 1.00059
